0.10373590000000001
0.20733810000000003
0.3110752
0.41469170000000005
0.51843019899999998
0.62204480000000006
0.72579769999999999
0.8294199000000001
0.93314670000000011
1.03691
1.1404970000000001
1.2442420000000001
1.347979
1.4515960000000001
1.555212
1.65896
1.7625690000000001
1.866301999
1.9699230000000001
2.0736659990000001
2.1772809990000002
2.2810169990000002
2.3846389989999999
2.4882499990000002
2.5919880000000002
2.6958319990000001
2.7993670000000002
2.9030840000000002
3.0067680000000001
3.1104409990000002
3.2140569989999999
3.317669
3.4212850000000001
3.5249250000000001
3.6285449989999998
3.732256
3.835871
3.9394879989999998
4.043107
4.1468879989999996
4.2504600000000003
4.3542019989999998
4.4579399989999997
4.5615589989999998
4.6652930000000001
4.7689120000000003
4.8725319989999996
4.976146
5.0799089989999997
5.1835029989999999
5.2871170000000003
5.3908610000000001
5.4944730000000002
5.5982329990000004
5.701829
5.8055709990000004
5.9091849989999998
6.0129210000000004
6.1165409989999997
6.2202780000000004
6.3238950000000003
6.4276590000000002
6.5313829989999999
6.6349919990000004
6.7387410000000001
6.8423499989999996
6.9459629989999998
7.0497050000000003
7.1533230000000003
7.2569340000000002
7.3605489989999997
7.4641669989999997
7.5677859989999998
7.6713959989999996
7.7751440000000001
7.8787539989999997
7.9824929989999998
8.0861110000000007
8.1898490000000006
8.2934699989999991
8.3971020000000003
8.5008470000000003
8.604438
8.7081750000000007
8.811795
8.9154029989999994
9.0191619989999996
9.1228899989999999
9.2265119989999995
9.3302469989999999
9.4339860000000009
9.5377489989999997
9.6415869989999994
9.7453420000000008
9.8492289989999993
9.9530589989999996
10.056929998999999
10.160830000000001
10.264659998999999
10.368669999
10.47264
10.576629999
10.680619998999999
10.784610000000001
10.888749999
10.99272
11.096590000000001
11.200570000000001
11.304309999000001
11.408179999
11.511919999
11.615529999
11.719269999
11.82277
11.92638
12.029999998999999
12.133609999000001
12.237099999
12.3406
12.44411
12.54767
12.651070000000001
12.75469
12.85806
12.961669999
13.065200000000001
13.16877
13.272349998999999
13.37588
13.479499999
13.583109998999999
13.686719998999999
13.79034
13.89395
13.997669998999999
14.1013
14.204919998999999
14.308540000000001
14.412269998999999
14.515890000000001
14.619680000000001
14.723259999
14.826859999
14.930479998999999
15.0341
15.137840000000001
15.24145
15.345079998999999
15.448809999
15.55255
15.656169998999999
15.7599
15.86364
15.96739
16.071020000000001
16.174739999
16.278449998999999
16.382090000000002
16.485710000000001
16.58933
16.693090000000002
16.796679998999998
16.90043
17.004190000000001
17.107900000000001
17.211649998999999
17.315390000000001
17.419149998999998
17.522870000000001
17.626480000000001
17.730219998999999
17.833839998999998
17.937460000000002
18.041199999
18.144819998999999
18.248550000000002
18.352170000000001
18.455929998999999
18.559570000000001
18.663260000000001
18.76688
18.87049
18.974109999
19.077719998999999
19.181409999
19.285019998999999
19.388680000000001
19.492239998999999
19.595800000000001
19.69941
19.802910000000001
19.90652
20.010020000000001
20.113499998999998
20.217140000000001
20.320609998999998
20.424099998999999
20.527470000000001
20.630960000000002
20.734439998999999
20.837959998999999
20.941510000000001
21.045020000000001
21.148369999
21.251899998999999
21.355440000000002
21.458999999
21.562719998999999
21.666360000000001
21.770099998999999
21.873950000000001
21.977709999000002
22.081440000000001
22.185310000000001
22.289169998999999
22.393170000000001
22.497160000000001
22.601289998999999
22.70551
22.809640000000002
22.91366
23.017610000000001
23.121719999
23.225709998999999
23.329699998999999
23.433599998999998
23.537559998999999
23.641429999
23.745190000000001
23.848990000000001
23.952649998999998
24.056419998999999
24.160009999
24.263960000000001
24.367270000000001
24.471
24.574560000000002
24.678100000000001
24.781829998999999
24.885470000000002
24.989129998999999
25.092669999000002
25.19632
25.299900000000001
25.403639998999999
25.507249998999999
25.610880000000002
25.714629999
25.81822
25.921980000000001
26.025680000000001
26.129229999
26.232990000000001
26.336549998999999
26.440339998999999
26.544049998999999
26.647670000000002
26.751259998999998
26.854880000000001
26.958500000000001
27.062229998999999
27.165870000000002
27.269469999000002
27.373229998999999
27.476870000000002
27.580439998999999
27.684069999000002
27.787700000000001
27.891279999000002
27.995100000000001
28.098649998999999
28.202279999000002
28.305869998999999
28.409629999
28.51323
28.616839999
28.722280000000001
28.82422
28.927939998999999
29.031559998999999
29.135300000000001
29.238910000000001
29.34253
29.446139999
29.549759998999999
29.653420000000001
29.75712
29.860880000000002
29.96462
30.068210000000001
30.172000000000001
30.275700000000001
30.37931
30.483049998999999
30.586670000000002
30.6904
30.794049998999999
30.897639998999999
31.001380000000001
31.10501
31.20861
31.312349998999998
31.416199999
31.520060000000001
31.623419998999999
31.726939998999999
31.830690000000001
31.9343
32.038040000000002
32.141649999000002
32.245260000000002
32.348880000000001
32.452660000000002
32.556240000000003
32.659979999000001
32.763730000000002
32.867469999000001
32.971200000000003
33.074829999000002
33.178559999000001
33.282310000000003
33.386029999000002
33.489780000000003
33.593559999
33.697130000000001
33.800870000000003
33.904609999000002
34.00835
34.112090000000002
34.21584
34.319569999000002
34.423340000000003
34.526940000000003
34.630670000000002
34.734299999000001
34.837899999000001
34.941519999
35.045259999000002
35.148870000000002
35.252510000000001
35.356229999
35.459850000000003
35.56362
35.667200000000001
35.770940000000003
35.874679999000001
35.978299999000001
36.082079999000001
36.185780000000001
36.289499999
36.393219999000003
36.496879999000001
36.600490000000001
36.704360000000001
36.807989999
36.911769999000001
37.015479999
37.119059999000001
37.222810000000003
37.326430000000002
37.430160000000001
37.53378
37.637390000000003
37.741030000000002
37.844749999000001
37.948360000000001
38.052309999000002
38.155720000000002
38.259669999000003
38.362940000000002
38.466569999000001
38.570230000000002
38.673810000000003
38.777459999000001
38.881059999000001
38.984720000000003
39.088299999
39.192019999000003
39.295720000000003
39.399320000000003
39.502980000000001
39.606729999000002
39.710389999
39.814160000000001
39.917810000000003
40.021439999000002
40.12518
40.228960000000001
40.332560000000001
40.43627
40.539999999000003
40.643619999000002
40.747349999000001
40.850979999000003
40.954720000000002
41.058450000000001
41.162089999000003
41.265810000000002
41.370359999000001
41.473269999000003
41.576790000000003
41.680520000000001
41.784260000000003
41.887680000000003
41.991399999000002
42.094799999000003
42.198259999000001
42.301839999000002
42.405329999000003
42.508850000000002
42.612349999000003
42.715820000000001
42.819319999000001
42.922649999000001
43.026189999000003
43.129649999000002
43.233029999000003
43.33652
43.440049999000003
43.543500000000002
43.647150000000003
43.750709999000001
43.854349999
43.957959999000003
44.061680000000003
44.165419999000001
44.268909999000002
44.37274
44.476269999000003
44.580030000000001
44.683750000000003
44.787489999000002
44.891359999000002
44.995089999000001
45.098959999000002
45.203360000000004
45.306930000000001
45.410679999000003
45.514850000000003
45.618560000000002
45.722540000000002
45.826509999000002
45.930509999000002
46.034570000000002
46.138420000000004
46.242420000000003
46.346350000000001
46.450209999000002
46.554099999000002
46.657809999000001
46.761679999000002
46.86542
46.969180000000001
47.072899999000001
47.176650000000002
47.280389999000001
47.384120000000003
47.487740000000002
47.591509999000003
47.69509
47.798709999000003
47.902329999000003
48.006070000000001
48.109679999000001
48.213880000000003
48.31691
48.420529999000003
48.524140000000003
48.627780000000001
48.731400000000001
48.835360000000001
48.938729999000003
49.042589999
49.146090000000001
49.249830000000003
49.353850000000001
49.457610000000003
49.560949999000002
49.66469
49.768340000000002
49.872030000000002
49.975760000000001
50.079369999000001
50.183129999000002
50.286729999000002
50.390360000000001
50.494100000000003
50.597700000000003
50.701309999000003
50.805050000000001
50.908670000000001
51.012410000000003
51.116030000000002
51.219639999000002
51.32338
51.427120000000002
51.530760000000001
51.634349999000001
51.738100000000003
51.841859999
51.945450000000001
52.049190000000003
52.152940000000001
52.256549999000001
52.360309999000002
52.463929999000001
52.56765
52.671390000000002
52.774999999000002
52.878630000000001
52.982359999000003
53.085970000000003
53.189579999000003
53.293219999000002
53.396940000000001
53.50056
53.604329999000001
53.707909999000002
53.811529999000001
53.915140000000001
54.018909999000002
54.122509999000002
54.226140000000001
54.329880000000003
54.433599999000002
54.537210000000002
54.640830000000001
54.744459999
54.848059999
54.951700000000002
55.055430000000001
55.159030000000001
55.262650000000001
55.366390000000003
55.470019999000002
55.573749999
55.67736
55.780970000000003
55.884590000000003
55.988349999
56.09196
56.195599999000002
56.299199999000002
56.402790000000003
56.506450000000001
56.610039999000001
56.713639999000002
56.817259999000001
56.920999999000003
57.024630000000002
57.128230000000002
57.231969999
57.335740000000001
57.439329999000002
57.542960000000001
57.646569999
57.750390000000003
57.853969999
57.957680000000003
58.06127
58.164909999000002
58.268619999000002
58.372239999000001
58.475979999000003
58.579590000000003
58.683349999000001
58.786949999000001
58.890709999000002
58.994309999000002
59.098080000000003
59.201790000000003
59.305419999000001
59.409140000000001
59.513100000000001
59.616750000000003
59.720500000000001
59.82423
59.928100000000001
60.032119999000003
60.135779999
60.23977
60.343299999000003
60.447189999000003
60.551000000000002
60.654780000000002
60.758609999000001
60.862279999000002
60.966000000000001
61.069629999
61.173270000000002
61.276850000000003
61.380459999000003
61.48395
61.587569999000003
61.69106
61.794550000000001
61.897899999000003
62.002740000000003
62.104790000000001
62.208129999000001
62.311500000000002
62.414859999000001
62.518230000000003
62.621740000000003
62.72522
62.828699999000001
62.932200000000002
63.035809999000001
63.139420000000001
63.242919999000001
63.346530000000001
63.450150000000001
63.553890000000003
63.657499999000002
63.761249999
63.864989999000002
63.968620000000001
64.072220000000002
64.175970000000007
64.279619999000005
64.383179999000006
64.486930000000001
64.590710000000001
64.694299998999995
64.797939998999993
64.90164
65.005340000000004
65.108990000000006
65.212829998999993
65.316220000000001
65.419849998999993
65.523619999000005
65.627110000000002
65.730789998999995
65.834429998999994
65.938040000000001
66.041659999000004
66.145269999000007
66.248940000000005
66.352630000000005
66.456239999000005
66.55986
66.663589998999996
66.767240000000001
66.870959999000007
66.974569998999996
67.078310000000002
67.181929999000005
67.285669999000007
67.389279998999996
67.492969998999996
67.596630000000005
67.700270000000003
67.803899998999995
67.907589998999995
68.011290000000002
68.114969998999996
68.218649998999993
68.322220000000002
68.425939998999993
68.529589998999995
68.633170000000007
68.736909999000005
68.840530000000001
68.944270000000003
69.047889999000006
69.151619999000005
69.255319998999994
69.358999999000005
69.462639999000004
69.566329999000004
69.66995
69.773709999000005
69.877300000000005
69.980930000000001
70.084659998999996
70.188400000000001
70.292029998999993
70.395629998999993
70.499369998999995
70.602990000000005
70.706609998999994
70.810370000000006
70.913960000000003
71.017600000000002
71.121200000000002
71.224819999000005
71.328429998999994
71.432159999000007
71.535849999000007
71.639399999000005
71.743009998999995
71.846649998999993
71.950249998999993
72.053920000000005
72.157489999000006
72.261240000000001
72.364829998999994
72.468450000000004
72.572059999000004
72.675719998999995
72.779439999000004
72.883039999000005
72.986770000000007
73.090509999000005
73.194190000000006
73.297870000000003
73.401489999000006
73.505110000000002
73.608900000000006
73.712559999000007
73.816140000000004
73.919839999000004
74.023430000000005
74.127170000000007
74.230879998999995
74.334400000000002
74.438029998999994
74.541650000000004
74.645259999000004
74.748859999000004
74.852540000000005
74.955960000000005
75.059610000000006
75.163079999000004
75.266649998999995
75.370050000000006
75.473539998999996
75.577070000000006
75.680409999000005
75.783770000000004
75.887280000000004
75.990620000000007
76.094110000000001
76.197599999000005
76.300970000000007
76.40446
76.507949999000004
76.611339998999995
76.714820000000003
76.818439999000006
76.921989999000004
77.025530000000003
77.129019998999993
77.23263
77.336250000000007
77.439859999000006
77.543570000000003
77.647090000000006
77.750839998999993
77.854699999000005
77.958590000000001
78.062560000000005
78.166569999000004
78.270660000000007
78.374790000000004
78.479010000000002
78.583150000000003
78.687370000000001
78.791489999000007
78.895610000000005
78.999750000000006
79.103610000000003
79.207549998999994
79.311379998999996
79.415180000000007
79.518969999000007
79.622669998999996
79.726399998999995
79.830150000000003
79.933869998999995
80.037499999000005
80.141270000000006
80.244849998999996
80.348500000000001
80.452209999000004
80.55583
80.659450000000007
80.763189999000005
80.866799998999994
80.970420000000004
81.074089998999995
81.177670000000006
81.281390000000002
81.38503
81.488619998999994
81.592230000000001
81.695849999000004
81.799469998999996
81.903080000000003
82.006699999000006
82.110320000000002
82.214070000000007
82.317670000000007
82.421409999000005
82.525019998999994
82.628780000000006
82.732380000000006
82.83614
82.939729998999994
83.043499999000005
83.147220000000004
83.250969999000006
83.354569999000006
83.458190000000002
83.561980000000005
83.665549999000007
83.769379998999995
83.872919999000004
83.976709998999993
84.080129998999993
84.183750000000003
84.287599998999994
84.391159998999996
84.494759998999996
84.598479999000006
84.702119999000004
84.805710000000005
84.909310000000005
85.012960000000007
85.116699999000005
85.220269998999996
85.324079999000006
85.427750000000003
85.53134
85.635009999000005
85.738669998999995
85.842510000000004
85.946049998999996
86.049580000000006
86.153189999000006
86.257679999000004
86.360510000000005
86.464179998999995
86.567779998999995
86.671549999000007
86.775139999000004
86.878889998999995
86.982510000000005
87.086250000000007
87.190179998999994
87.293639999000007
87.397220000000004
87.501040000000003
87.604560000000006
87.708320000000001
87.811980000000005
87.915649998999996
88.019279999000005
88.123029998999996
88.226619998999993
88.330460000000002
88.434330000000003
88.537779998999994
88.641400000000004
88.745080000000002
88.848889998999994
88.952550000000002
89.056169999000005
89.159790000000001
89.263540000000006
89.367140000000006
89.470879999000005
89.574489998999994
89.678229998999996
89.781980000000004
89.885589999000004
89.989350000000002
90.092950000000002
90.196709999000007
90.300449998999994
90.404049998999994
90.507789998999996
90.611400000000003
90.715140000000005
90.818759998999994
90.922380000000004
91.025980000000004
91.129599999000007
91.233220000000003
91.336839999000006
91.440449998999995
91.544070000000005
91.647679999000005
91.751300000000001
91.855040000000002
91.958669998999994
92.062269998999994
92.165880000000001
92.269499999000004
92.373109998999993
92.476860000000002
92.580470000000005
92.684079999000005
92.787829998999996
92.891469998999995
92.994929998999993
93.098569999000006
93.202160000000006
93.305779998999995
93.409390000000002
93.513130000000004
93.616749999000007
93.720479999000005
93.824119999000004
93.927850000000007
94.031549999000006
94.135099999000005
94.238820000000004
94.342550000000003
94.446200000000005
94.549940000000007
94.653649998999995
94.757289998999994
94.861029998999996
94.964650000000006
95.068250000000006
95.171850000000006
95.275589999000005
95.37921
95.482849998999995
95.586590000000001
95.690200000000004
95.793800000000005
95.897419998999993
96.001040000000003
96.104780000000005
96.208399998999994
96.311999998999994
96.415649998999996
96.519440000000003
96.622990000000001
96.726609999000004
96.830259999000006
96.93383
97.037530000000004
97.141139999000004
97.244690000000006
97.348159999000003
97.451710000000006
97.555019998999995
97.658519999000006
97.761870000000002
97.865260000000006
97.968620000000001
98.072059999000004
98.175319998999996
98.278710000000004
98.382199998999994
98.485690000000005
98.589190000000002
98.692719999000005
98.796149998999994
98.899760000000001
99.003280000000004
99.106999998999996
99.210629999000005
99.314239998999994
99.418369999000006
99.521709998999995
99.625590000000003
99.729529998999993
99.833449998999996
99.937560000000005
100.042
100.145799999
100.24989999899999
100.35389999900001
100.45799999899999
100.56180000000001
100.66559999899999
100.769499999
100.8734
100.97719999900001
101.081
101.18470000000001
101.28839999900001
101.3922
101.4958
101.59950000000001
101.703299999
101.806899999
101.9106
102.01439999900001
102.11809999899999
102.2218
102.325599999
102.42929999899999
102.53289999899999
102.6367
102.7403
102.84409999899999
102.947599999
103.05129999899999
103.155
103.2587
103.3622
103.46649999900001
103.569599999
103.67329999899999
103.776799999
103.88049999899999
103.98409999899999
104.08769999899999
104.19129999899999
104.295
104.3986
104.50230000000001
104.60599999900001
104.70959999900001
104.81319999900001
104.91679999900001
105.0206
105.1242
105.2278
105.3314
105.43519999900001
105.53889999899999
105.6426
105.74609999899999
105.84990000000001
105.95350000000001
106.057599999
106.16089999899999
106.26449999899999
106.3682
106.471999999
106.575599999
106.67929999899999
106.78289999899999
106.88649999899999
106.9903
107.0939
107.19750000000001
107.30110000000001
107.40489999899999
107.50849999899999
107.6122
107.715999999
107.819599999
107.92329999899999
108.0271
108.130799999
108.2346
108.3382
108.4419
108.545799999
108.64929999899999
108.753
108.8571
108.96040000000001
109.064599999
109.167799999
109.271399999
109.375
109.47889999900001
109.58209999899999
109.68569999899999
109.7894
109.893
109.996799999
110.100399999
110.2043
110.3079
110.411799999
110.515399999
110.61960000000001
110.72320000000001
110.82699999899999
110.93040000000001
111.0343
111.13800000000001
111.24160000000001
111.34529999900001
111.44899999899999
111.5527
111.6563
111.760099999
111.863699999
111.96729999900001
112.07089999900001
112.1747
112.2783
112.38200000000001
112.4855
112.5891
112.69280000000001
112.79649999900001
112.90000000000001
113.00360000000001
113.10729999900001
113.21099999899999
113.3147
113.4183
113.52200000000001
113.62569999900001
113.72929999900001
113.83280000000001
113.93649999900001
114.04000000000001
114.14360000000001
114.24729999900001
114.35089999900001
114.4543
114.55800000000001
114.66160000000001
114.765199999
114.868799999
114.972399999
115.075999999
115.17969999899999
115.28329999899999
115.386799999
115.490399999
115.5939
115.6974
115.80079999900001
115.90430000000001
116.008099999
116.11119999899999
116.2146
116.31789999900001
116.4213
116.52469999900001
116.6281
116.73180000000001
116.8352
116.93869999899999
117.042599999
117.145799999
117.24949999899999
117.35290000000001
117.45659999900001
117.56019999900001
117.66370000000001
117.76739999900001
117.87099999900001
117.9748
118.0784
118.18210000000001
118.28589999899999
118.3896
118.49349999899999
118.59749999900001
118.7013
118.8053
118.90940000000001
119.0133
119.1173
119.221299999
119.32510000000001
119.429
119.53289999899999
119.6366
119.740399999
119.84409999899999
119.9478
120.0515
120.155199999
120.258799999
120.362399999
120.465999999
120.56969999899999
120.6734
120.777
120.8807
120.984399999
121.087999999
121.191599999
121.29529999899999
121.398799999
121.502399999
121.6062
121.7098
121.8135
121.917199999
122.02089999899999
122.12449999899999
122.2282
122.331999999
122.435599999
122.53929999899999
122.6431
122.746799999
122.850399999
122.9542
123.0578
123.16160000000001
123.265199999
123.368799999
123.472399999
123.5762
123.67969999899999
123.7834
123.887
123.9907
124.09449999900001
124.19809999899999
124.3018
124.40560000000001
124.50920000000001
124.612999999
124.71649999900001
124.8203
124.9239
125.0275
125.13120000000001
125.23489999900001
125.33849999900001
125.44209999900001
125.54569999899999
125.64929999899999
125.753
125.8567
125.9603
126.0638
126.1674
126.27089999899999
126.374399999
126.47799999900001
126.58150000000001
126.68510000000001
126.7886
126.892099999
126.995699999
127.09919999900001
127.202699999
127.3062
127.40959999899999
127.513099999
127.61679999899999
127.72020000000001
127.82389999900001
127.92749999900001
128.03110000000001
128.134899999
128.238599999
128.342199999
128.44589999900001
128.54959999900001
128.6533
128.75700000000001
128.86080000000001
128.96440000000001
129.068199999
129.1721
129.27600000000001
129.37999999900001
129.48400000000001
129.587999999
129.6919
129.795999999
129.8999
130.003999999
130.108
130.212099999
130.316
130.42080000000001
130.52430000000001
130.62839999900001
130.73230000000001
130.8365
130.940699999
131.04470000000001
131.148799999
131.25290000000001
131.356799999
131.46080000000001
131.564699999
131.668399999
131.77219999900001
131.87569999900001
131.97939999900001
132.082799999
132.186299999
132.289999999
132.393599999
132.497099999
132.600699999
132.704199999
132.8075
132.911
133.01439999900001
133.117899999
133.221399999
133.324999999
133.42850000000001
133.53200000000001
133.63550000000001
133.7389
133.8425
133.9461
134.0497
134.1533
134.25700000000001
134.36080000000001
134.46440000000001
134.56800000000001
134.67160000000001
134.775399999
134.878999999
134.982599999
135.086199999
135.189899999
135.29359999900001
135.39719999900001
135.50079999900001
135.60439999900001
135.7081
135.81180000000001
135.91540000000001
136.01920000000001
136.12270000000001
136.226499999
136.330199999
136.433699999
136.537399999
136.64109999900001
136.7449
136.84839999900001
136.95199999900001
137.0558
137.15950000000001
137.26320000000001
137.366899999
137.470599999
137.574299999
137.67799999900001
137.7817
137.8853
137.9889
138.09270000000001
138.19630000000001
138.29990000000001
138.40350000000001
138.50710000000001
138.61070000000001
138.71440000000001
138.81800000000001
138.92160000000001
139.02520000000001
139.12880000000001
139.232599999
139.336199999
139.439899999
139.543399999
139.64719999900001
139.7509
139.8546
139.95840000000001
140.06190000000001
140.16540000000001
140.26910000000001
140.37270000000001
140.47630000000001
140.57990000000001
140.683699999
140.787499999
140.890899999
140.99469999900001
141.09829999900001
141.20199999900001
141.30549999900001
141.40940000000001
141.51300000000001
141.6165
141.7201
141.8237
141.92740000000001
142.03110000000001
142.13470000000001
142.23840000000001
142.342199999
142.445799999
142.54949999900001
142.6533
142.7569
142.86060000000001
142.96430000000001
143.06800000000001
143.171699999
143.275299999
143.379099999
143.482699999
143.58639999900001
143.68999999900001
143.7937
143.8973
144.0009
144.1045
144.20820000000001
144.31200000000001
144.41560000000001
144.519299999
144.622899999
144.726699999
144.830299999
144.93399999900001
145.0378
145.14150000000001
145.245299999
145.349099999
145.45289999900001
145.55670000000001
145.660599999
145.764299999
145.8682
145.97200000000001
146.07570000000001
146.179599999
146.28329999900001
146.387
146.49080000000001
146.59450000000001
146.69810000000001
146.80170000000001
146.905399999
147.008999999
147.11250000000001
147.21600000000001
147.3194
147.42279999900001
147.526299999
147.62970000000001
147.733
147.8365
147.939899999
148.043399999
148.146899999
148.25020000000001
148.3537
148.4572
148.56069999900001
148.664199999
148.767799999
148.871299999
148.974899999
149.078399999
149.18219999900001
149.285599999
149.389299999
149.492899999
149.596499999
149.700099999
149.803699999
149.907299999
150.01109999900001
150.11469999900001
150.21829999900001
150.322
150.42570000000001
150.52930000000001
150.63290000000001
150.73650000000001
150.84010000000001
150.94370000000001
151.04750000000001
151.15110000000001
151.25470000000001
151.35830000000001
151.461999999
151.565599999
151.669299999
151.772899999
151.87669999900001
151.98029999900001
152.08389999900001
152.1875
152.2911
152.3947
152.49850000000001
152.60210000000001
152.70580000000001
152.80940000000001
152.913099999
153.016699999
153.120399999
153.223999999
153.327599999
153.431299999
153.534899999
153.63859999900001
153.74219999900001
153.84579999900001
153.9495
154.0531
154.1567
154.2603
154.36379999900001
154.46739999900001
154.57099999900001
154.67459999900001
154.77809999900001
154.88179999900001
154.98539999900001
155.08889999900001
155.19249999900001
155.29609999900001
155.39969999900001
155.50329999900001
155.606799999
155.710399999
155.81419999900001
155.91779999900001
156.02139999900001
156.125
156.2286
156.3322
156.43600000000001
156.53960000000001
156.64320000000001
156.74680000000001
156.85050000000001
156.95410000000001
157.057799999
157.161399999
157.264999999
157.368699999
157.472399999
157.575999999
157.679599999
157.78329999900001
157.886799999
157.9906
158.0942
158.1979
158.30170000000001
158.40530000000001
158.509099999
158.612699999
158.716399999
158.819999999
158.92369999900001
159.027199999
159.131
159.2346
159.3383
159.4418
159.5454
159.649
159.752399999
159.855899999
159.959399999
160.06290000000001
160.16630000000001
160.2698
160.37319999900001
160.476599999
160.580099999
160.68360000000001
160.78710000000001
160.89070000000001
160.99420000000001
161.09780000000001
161.20140000000001
161.3049
161.4093
161.5121
161.6157
161.719799999
161.8229
161.92660000000001
162.03030000000001
162.134099999
162.237599999
162.341299999
162.44519999900001
162.5489
162.65270000000001
162.756499999
162.8605
162.96440000000001
163.06839999900001
163.1722
163.276199999
163.38009999900001
163.48410000000001
163.587999999
163.6918
163.79570000000001
163.89940000000001
164.003199999
164.10740000000001
164.2107
164.31440000000001
164.41800000000001
164.52170000000001
164.62540000000001
164.72900000000001
164.83260000000001
164.93620000000001
165.03980000000001
165.143599999
165.24700000000001
165.350799999
165.454399999
165.557999999
165.661599999
165.76539999900001
165.8691
165.97290000000001
166.07660000000001
166.180299999
166.28409999900001
166.3879
166.49139999900001
166.59520000000001
166.69880000000001
166.80250000000001
166.90610000000001
167.009899999
167.113499999
167.217099999
167.320699999
167.424399999
167.527999999
167.631599999
167.735199999
167.838799999
167.942299999
168.045899999
168.149599999
168.253199999
168.356799999
168.460399999
168.56409999900001
168.66769999900001
168.7715
168.87520000000001
168.97900000000001
169.082699999
169.186399999
169.29019999900001
169.39379999900001
169.49760000000001
169.60130000000001
169.70490000000001
169.808699999
169.91220000000001
170.015999999
170.119599999
170.223199999
170.326699999
170.430299999
170.533899999
170.637499999
170.74090000000001
170.84450000000001
170.94810000000001
171.0515
171.1551
171.25890000000001
171.36250000000001
171.46610000000001
171.569899999
171.673499999
171.77729999900001
171.88089999900001
171.984399999
172.08809999900001
172.19169999900001
172.29529999900001
172.398799999
172.502399999
172.605899999
172.709499999
172.813099999
172.916699999
173.020199999
173.123799999
173.22759999900001
173.33129999900001
173.43489999900001
173.53870000000001
173.64240000000001
173.74600000000001
173.849799999
173.953399999
174.057099999
174.160699999
174.26449999900001
174.36809999900001
174.47169999900001
174.57529999900001
174.67889999900001
174.7826
174.8862
174.9898
175.0934
175.19689999900001
175.30039999900001
175.40399999900001
175.50759999900001
175.611099999
175.714699999
175.818299999
175.921899999
176.0257
176.1293
176.23310000000001
176.33670000000001
176.44040000000001
176.544099999
176.647799999
176.751399999
176.855099999
176.958699999
177.0625
177.1661
177.2697
177.3734
177.47710000000001
177.58070000000001
177.68430000000001
177.78790000000001
177.89150000000001
177.99510000000001
178.09870000000001
178.20240000000001
178.30590000000001
178.40960000000001
178.51320000000001
178.61680000000001
178.720599999
178.824299999
178.927899999
179.0317
179.1353
179.239
179.3426
179.44640000000001
179.550099999
179.653699999
179.757399999
179.861099999
179.964699999
180.068299999
180.171899999
180.275499999
180.37919999900001
180.48279999900001
180.58639999900001
180.68999999900001
180.79349999900001
180.89709999900001
181.00069999900001
181.10429999900001
181.207799999
181.31149999900001
181.41509999900001
181.51869999900001
181.62239999900001
181.72599999900001
181.82980000000001
181.93350000000001
182.03710000000001
182.140899999
182.244499999
182.348099999
182.451799999
182.55549999900001
182.65919999900001
182.76279999900001
182.8665
182.97020000000001
183.07380000000001
183.17740000000001
183.28100000000001
183.38460000000001
183.48840000000001
183.59200000000001
183.69560000000001
183.799299999
183.902999999
184.00669999900001
184.11039999900001
184.2141
184.31780000000001
184.42150000000001
184.52520000000001
184.62880000000001
184.73240000000001
184.83600000000001
184.93950000000001
185.0429
185.146199999
185.24950000000001
185.3528
185.45619999900001
185.559599999
185.663099999
185.76650000000001
185.87
185.9736
186.07730000000001
186.18090000000001
186.28460000000001
186.388399999
186.492099999
186.5959
186.69970000000001
186.803599999
186.9076
187.01140000000001
187.115299999
187.2193
187.32320000000001
187.426999999
187.53079999900001
187.63460000000001
187.73840000000001
187.842099999
187.945799999
188.04949999900001
188.15319999900001
188.25679999900001
188.36039999900001
188.4641
188.56780000000001
188.67140000000001
188.77500000000001
188.87860000000001
188.98220000000001
189.08600000000001
189.18960000000001
189.293399999
189.39709999900001
189.500599999
189.60429999900001
189.70799999900001
189.8117
189.91540000000001
190.01910000000001
190.12280000000001
190.226599999
190.330299999
190.43399999900001
190.5377
190.6413
190.74510000000001
190.84870000000001
190.95240000000001
191.056099999
191.159799999
191.26359999900001
191.36719999900001
191.47079999900001
191.574299999
191.67799999900001
191.78159999900001
191.88519999900001
191.989
192.0926
192.196499999
192.2998
192.4034
192.50720000000001
192.61080000000001
192.71440000000001
192.81800000000001
192.921799999
193.025399999
193.128999999
193.232699999
193.336299999
193.4401
193.5438
193.6474
193.75110000000001
193.85470000000001
193.95840000000001
194.06200000000001
194.16560000000001
194.269299999
194.372899999
194.476499999
194.580199999
194.683799999
194.7877
194.8913
194.99510000000001
195.09880000000001
195.202599999
195.306299999
195.409899999
195.51359999900001
195.6173
195.721
195.82470000000001
195.92850000000001
196.03210000000001
196.135899999
196.23969999900001
196.3434
196.44720000000001
196.550999999
196.65479999900001
196.75839999900001
196.86209999900001
196.9658
197.0694
197.17310000000001
197.27690000000001
197.38050000000001
197.48410000000001
197.587799999
197.691399999
197.795199999
197.898799999
198.002199999
198.1062
198.209499999
198.313099999
198.41689999900001
198.52049999900001
198.62409999900001
198.72769999900001
198.83129999900001
198.935
199.0386
199.1422
199.24569999900001
199.3494
199.45289999900001
199.5566
199.66009999900001
199.7638
199.8674
199.971
200.0745
200.1781
200.28159999900001
200.38519999900001
200.488699999
200.592199999
200.695799999
200.799299999
200.90280000000001
201.00630000000001
201.10980000000001
201.2132
201.3169
201.4204
201.52389999900001
201.627299999
201.73099999900001
201.834399999
201.93790000000001
202.04140000000001
202.14549999900001
202.2484
202.3519
202.4555
202.55899999900001
202.662499999
202.765999999
202.869599999
202.973099999
203.076799999
203.18059999900001
203.28419999900001
203.3879
203.49180000000001
203.595699999
203.6995
203.80340000000001
203.907299999
204.0112
204.11500000000001
204.21870000000001
204.322499999
204.426199999
204.5301
204.63380000000001
204.737599999
204.841399999
204.94519999900001
205.0489
205.15270000000001
205.256499999
205.360199999
205.46399999900001
205.5677
205.67150000000001
205.77520000000001
205.87880000000001
205.982599999
206.086199999
206.189799999
206.29349999900001
206.396999999
206.50079999900001
206.60439999900001
206.7081
206.8117
206.9153
207.01900000000001
207.12260000000001
207.22620000000001
207.32990000000001
207.43360000000001
207.53720000000001
207.64080000000001
207.74440000000001
207.84800000000001
207.95160000000001
208.055399999
208.15909999900001
208.262599999
208.36629999900001
208.46999999900001
208.57359999900001
208.6773
208.7809
208.88480000000001
208.98830000000001
209.09190000000001
209.19560000000001
209.29910000000001
209.40280000000001
209.50640000000001
209.61000000000001
209.71360000000001
209.81720000000001
209.92080000000001
210.02440000000001
210.12790000000001
210.23150000000001
210.335299999
210.438899999
210.542499999
210.646199999
210.749799999
210.85349999900001
210.95709999900001
211.0608
211.16460000000001
211.26820000000001
211.37180000000001
211.47540000000001
211.579199999
211.682799999
211.786499999
211.890099999
211.993799999
212.09749999900001
212.20109999900001
212.30469999900001
212.4085
212.5121
212.6157
212.71940000000001
212.82310000000001
212.92670000000001
213.030399999
213.133999999
213.237799999
213.341399999
213.44509999900001
213.54869999900001
213.6524
213.756
213.8597
213.9633
214.06710000000001
214.17070000000001
214.27430000000001
214.377999999
214.48150000000001
214.58510000000001
214.688799999
214.792399999
214.896099999
214.999799999
215.1036
215.2072
215.3109
215.41470000000001
215.51820000000001
215.62190000000001
215.72550000000001
215.829199999
215.932899999
216.03669999900001
216.14029999900001
216.24399999900001
216.3477
216.4513
216.55510000000001
216.65870000000001
216.76230000000001
216.866099999
216.969699999
217.073299999
217.176999999
217.280499999
217.384099999
217.487699999
217.591399999
217.694999999
217.798599999
217.902199999
218.005699999
218.109299999
218.212899999
218.31630000000001
218.41990000000001
218.5232
218.626499999
218.730099999
218.833499999
218.9367
219.04019999900001
219.14340000000001
219.2467
219.349999999
219.453399999
219.55670000000001
219.66009999900001
219.763399999
219.866899999
219.97040000000001
220.07390000000001
220.17740000000001
220.2809
220.38460000000001
220.48820000000001
220.59200000000001
220.695699999
220.799399999
220.9033
221.00720000000001
221.11119999900001
221.21530000000001
221.3194
221.423399999
221.5275
221.631499999
221.7355
221.839499999
221.9435
222.04730000000001
222.151199999
222.254899999
222.3588
222.46250000000001
222.56620000000001
222.66990000000001
222.77350000000001
222.87710000000001
222.980799999
223.084399999
223.187999999
223.291599999
223.39539999900001
223.498899999
223.60269999900001
223.7064
223.81010000000001
223.91380000000001
224.01869999900001
224.12110000000001
224.224999999
224.328499999
224.43229999900001
224.53589999900001
224.6396
224.7432
224.8468
224.9504
225.05379999900001
225.15739999900001
225.260899999
225.364499999
225.467999999
225.571599999
225.675199999
225.778899999
225.882499999
225.986099999
226.08979999900001
226.1935
226.2972
226.4008
226.50450000000001
226.60820000000001
226.71180000000001
226.815499999
226.919099999
227.022899999
227.126499999
227.23019999900001
227.33379999900001
227.4376
227.54140000000001
227.64500000000001
227.74870000000001
227.852399999
227.955999999
228.059699999
228.16339999900001
228.26699999900001
228.3708
228.47419999900001
228.578
228.6816
228.7852
228.8888
228.99260000000001
229.09620000000001
229.19990000000001
229.303599999
229.407299999
229.510899999
229.614499999
229.71819999900001
229.82189999900001
229.9256
230.0292
230.1328
230.23670000000001
230.34030000000001
230.44390000000001
230.54750000000001
230.651299999
230.754899999
230.858499999
230.96229999900001
231.06589999900001
231.1696
231.2732
231.37700000000001
231.48060000000001
231.58430000000001
231.68790000000001
231.791699999
231.89539999900001
231.9992
232.10290000000001
232.20650000000001
232.31030000000001
232.413999999
232.517599999
232.621299999
232.724999999
232.82859999900001
232.93219999900001
233.03589999900001
233.1396
233.2432
233.34690000000001
233.45060000000001
233.55420000000001
233.65790000000001
233.76150000000001
233.86510000000001
233.96870000000001
234.072399999
234.175999999
234.279599999
234.38310000000001
234.48670000000001
234.59020000000001
234.69370000000001
234.79730000000001
234.90090000000001
235.0044
235.108
235.2116
235.3152
235.41890000000001
235.52250000000001
235.62610000000001
235.72970000000001
235.833499999
235.937099999
236.040799999
236.14459999900001
236.2483
236.352
236.45580000000001
236.55950000000001
236.663099999
236.766899999
236.87059999900001
236.97419999900001
237.078
237.1816
237.28530000000001
237.38890000000001
237.49270000000001
237.59630000000001
237.69990000000001
237.803599999
237.907299999
238.01099999900001
238.11459999900001
238.21819999900001
238.32179999900001
238.42539999900001
238.52909999900001
238.63269999900001
238.7364
238.84010000000001
238.94370000000001
239.04730000000001
239.15100000000001
239.25460000000001
239.358399999
239.461999999
239.565599999
239.669299999
239.77299999900001
239.87659999900001
239.98019999900001
240.08379999900001
240.1876
240.29130000000001
240.3948
240.49850000000001
240.60210000000001
240.70580000000001
240.80940000000001
240.91290000000001
241.0164
241.11979999900001
241.22329999900001
241.326799999
241.430299999
241.53380000000001
241.63740000000001
241.74090000000001
241.84450000000001
241.94810000000001
242.0523
242.155499999
242.25929999900001
242.36299999900001
242.46680000000001
242.570799999
242.67459999900001
242.77850000000001
242.88259999900001
242.986099999
243.09
243.19370000000001
243.29779999900001
243.40110000000001
243.504899999
243.60859999900001
243.71219999900001
243.81630000000001
243.91970000000001
244.02340000000001
244.12710000000001
244.230799999
244.334399999
244.43819999900001
244.54179999900001
244.64549999900001
244.74909999900001
244.85290000000001
244.95650000000001
245.06010000000001
245.16370000000001
245.26740000000001
245.37110000000001
245.47470000000001
245.57830000000001
245.68190000000001
245.785599999
245.889299999
245.992799999
246.096499999
246.200099999
246.303699999
246.40749999900001
246.5112
246.6148
246.71860000000001
246.82230000000001
246.92590000000001
247.029699999
247.133299999
247.236899999
247.340499999
247.444099999
247.54789999900001
247.65149999900001
247.75509999900001
247.8588
247.9624
248.06610000000001
248.16980000000001
248.27340000000001
248.37700000000001
248.48070000000001
248.58430000000001
248.687999999
248.791599999
248.895199999
248.998899999
249.102499999
249.206099999
249.30989999900001
249.41339999900001
249.5172
249.6208
249.72450000000001
249.82820000000001
249.93190000000001
250.03550000000001
250.13910000000001
250.242799999
250.346499999
250.45029999900001
250.554
250.65790000000001
250.761599999
250.865399999
250.9693
251.0729
251.176799999
251.280599999
251.38439999900001
251.48820000000001
251.59190000000001
251.695799999
251.7997
251.90360000000001
252.007399999
252.11119999900001
252.21510000000001
252.31880000000001
252.42250000000001
252.526199999
252.629799999
252.733399999
252.836999999
252.940599999
253.044199999
253.147899999
253.251499999
253.355099999
253.458699999
253.562299999
253.665799999
253.769299999
253.87270000000001
253.97620000000001
254.0797
254.182999999
254.28620000000001
254.38980000000001
254.492899999
254.59620000000001
254.69970000000001
254.8031
254.90659999900001
255.010099999
255.113499999
255.21700000000001
255.320699999
255.424299999
255.527899999
255.631499999
255.735199999
255.838699999
255.942299999
256.04610000000002
256.14969999900001
256.25339999900001
256.35739999899999
256.46069999899998
256.56439999899999
256.66809999899999
256.77170000000001
256.87540000000001
256.97910000000002
257.08260000000001
257.186199999
257.28980000000001
257.39350000000002
257.49700000000001
257.600599999
257.70420000000001
257.80790000000002
257.911499999
258.015199999
258.11880000000002
258.222399999
258.32609999900001
258.429599999
258.53339999899998
258.637
258.74059999899998
258.84429999899999
258.9479
259.05160000000001
259.15519999899999
259.25889999899999
259.36250000000001
259.46620000000001
259.569799999
259.67340000000002
259.776999999
259.88060000000002
259.98430000000002
260.08800000000002
260.191599999
260.29520000000002
260.398799999
260.5027
260.60629999899999
260.7099
260.81360000000001
260.9171
261.02089999899999
261.12450000000001
261.22809999899999
261.331799999
261.43540000000002
261.53910000000002
261.642699999
261.74630000000002
261.85019999899998
261.95370000000003
262.05729999900001
262.16090000000003
262.26449999900001
262.36860000000001
262.47179999899998
262.57549999899999
262.67930000000001
262.78280000000001
262.88630000000001
262.99009999899999
263.09370000000001
263.19740000000002
263.301199999
263.40480000000002
263.50850000000003
263.6123
263.71589999899999
263.81959999899999
263.92320000000001
264.026999999
264.13060000000002
264.234199999
264.33780000000002
264.44150000000002
264.545099999
264.64870000000002
264.752299999
264.85590000000002
264.959499999
265.06310000000002
265.16689999900001
265.27050000000003
265.37409999900001
265.4778
265.58150000000001
265.68520000000001
265.78879999899999
265.89260000000002
265.996199999
266.09980000000002
266.20350000000002
266.307099999
266.41090000000003
266.51449999900001
266.61810000000003
266.72190000000001
266.82549999899999
266.92910000000001
267.03280000000001
267.13650000000001
267.24020000000002
267.343799999
267.44760000000002
267.551199999
267.65480000000002
267.75839999900001
267.86209999900001
267.96570000000003
268.06939999899998
268.173
268.27659999899998
268.3802
268.48379999899998
268.58760000000001
268.69119999899999
268.79480000000001
268.89839999899999
269.00200000000001
269.105799999
269.20940000000002
269.312999999
269.416499999
269.52010000000001
269.623699999
269.727399999
269.830899999
269.93470000000002
270.038299999
270.14210000000003
270.24579999899998
270.34949999899999
270.45330000000001
270.55700000000002
270.66070000000002
270.76449999900001
270.8682
270.97199999899999
271.07569999899999
271.179399999
271.283099999
271.386799999
271.49040000000002
271.5942
271.69779999899998
271.80130000000003
271.90489999900001
272.0086
272.11209999900001
272.21570000000003
272.31920000000002
272.42290000000003
272.52649999900001
272.63010000000003
272.73369999900001
272.83730000000003
272.94099999899998
273.04469999899999
273.14839999899999
273.25200000000001
273.355799999
273.459499999
273.56310000000002
273.666699999
273.77039999900001
273.87409999900001
273.97770000000003
274.08129999900001
274.185
274.28879999899999
274.39249999899999
274.49610000000001
274.59980000000002
274.703399999
274.807099999
274.91070000000002
275.01449999900001
275.11810000000003
275.22169999900001
275.32549999899999
275.42910000000001
275.53280000000001
275.63639999899999
275.74000000000001
275.84359999899999
275.94729999899999
276.05090000000001
276.154499999
276.25810000000001
276.36180000000002
276.46530000000001
276.56880000000001
276.67250000000001
276.77649999900001
276.87990000000002
276.983299999
277.086999999
277.190699999
277.29430000000002
277.397899999
277.50159999900001
277.60539999899999
277.709
277.81279999899999
277.91660000000002
278.02050000000003
278.12430000000001
278.228299999
278.33229999899999
278.436399999
278.54050000000001
278.64460000000003
278.748899999
278.85300000000001
278.95729999899999
279.061199999
279.16539999899999
279.2697
279.3734
279.4778
279.58129999900001
279.68490000000003
279.78870000000001
279.89229999899999
279.99599999899999
280.09969999899999
280.20310000000001
280.30680000000001
280.41050000000001
280.514299999
280.617799999
280.72109999899999
280.8245
280.92790000000002
281.03140000000002
281.13470000000001
281.23799999900001
281.341299999
281.44450000000001
281.547599999
281.65089999899999
281.75420000000003
281.857599999
281.961099999
282.06450000000001
282.16809999899999
282.27159999899999
282.37520000000001
282.47879999899999
282.58240000000001
282.68599999899999
282.78969999899999
282.89350000000002
282.997099999
283.10070000000002
283.20449999900001
283.30810000000002
283.41169999900001
283.51539999900001
283.61900000000003
283.72269999899999
283.82639999899999
283.93020000000001
284.033799999
284.137499999
284.24110000000002
284.344699999
284.44850000000002
284.55209999900001
284.65570000000002
284.75929999900001
284.86290000000002
284.9667
285.07040000000001
285.17399999899999
285.27780000000001
285.381399999
285.485099999
285.58870000000002
285.69240000000002
285.79610000000002
285.8999
286.00339999900001
286.10700000000003
286.21069999899998
286.3143
286.41789999899999
286.5215
286.62509999899999
286.72879999899999
286.83249999899999
286.936199999
287.03980000000001
287.14350000000002
287.24720000000002
287.350799999
287.45440000000002
287.55810000000002
287.66180000000003
287.76549999899999
287.86919999899999
287.97289999899999
288.07650000000001
288.18009999899999
288.283799999
288.38740000000001
288.490999999
288.59460000000001
288.698199999
288.80180000000001
288.905399999
289.00920000000002
289.112799999
289.21640000000002
289.32019999900001
289.42380000000003
289.52749999899999
289.6311
289.73489999899999
289.838599999
289.942299999
290.045999999
290.14960000000002
290.253199999
290.35680000000002
290.46059999900001
290.56420000000003
290.66779999900001
290.7715
290.87529999899999
290.97890000000001
291.08249999899999
291.186199999
291.289899999
291.39350000000002
291.49720000000002
291.600799999
291.70460000000003
291.80819999900001
291.91210000000001
292.01549999899999
292.11930000000001
292.22280000000001
292.32650000000001
292.43000000000001
292.53359999899999
292.63720000000001
292.74090000000001
292.84449999899999
292.94810000000001
293.05180000000001
293.155399999
293.25920000000002
293.362799999
293.46649999900001
293.57010000000002
293.6739
293.77749999899999
293.88119999899999
293.98480000000001
294.088599999
294.19220000000001
294.295799999
294.39940000000001
294.503199999
294.60680000000002
294.71050000000002
294.8143
294.91800000000001
295.02170000000001
295.125499999
295.229199999
295.3331
295.43700000000001
295.54070000000002
295.644499999
295.74819999900001
295.85180000000003
295.95549999899998
296.05939999899999
296.163099999
296.26690000000002
296.37069999900001
296.47449999899999
296.57819999899999
296.68200000000002
296.78570000000002
296.88949999900001
296.9932
297.09690000000001
297.20069999899999
297.304399999
297.40820000000002
297.511799999
297.61549999900001
297.71929999899999
297.82299999899999
297.92669999899999
298.03050000000002
298.134099999
298.23770000000002
298.34140000000002
298.44510000000002
298.54860000000002
298.65190000000001
298.75540000000001
298.85860000000002
298.961999999
299.06529999899999
299.1687
299.271999999
299.37540000000001
299.47890000000001
299.58210000000003
299.685499999
299.78879999899999
299.89229999899999
299.99579999899998
300.09930000000003
300.20280000000002
300.30639999900001
300.409899999
300.51350000000002
300.617099999
300.72070000000002
300.82420000000002
300.927799999
301.031499999
301.13490000000002
301.23860000000002
301.342199999
301.44580000000002
301.54950000000002
301.65320000000003
301.75679999900001
301.8605
301.96409999899998
302.0677
302.17140000000001
302.27510000000001
302.37869999899999
302.48239999899999
302.586099999
302.68970000000002
302.79340000000002
302.896999999
303.00080000000003
303.10439999900001
303.20800000000003
303.31169999899998
303.41539999899999
303.51900000000001
303.62259999899999
303.72620000000001
303.82990000000001
303.93360000000001
304.03719999899999
304.14080000000001
304.244399999
304.34800000000001
304.451799999
304.55540000000002
304.658999999
304.76280000000003
304.86639999900001
304.9701
305.07369999899998
305.1773
305.28109999899999
305.38470000000001
305.48840000000001
305.591999999
305.695699999
305.79930000000002
305.902899999
306.006599999
306.11020000000002
306.21370000000002
306.31749999900001
306.42110000000002
306.52469999900001
306.62830000000002
306.73189999900001
306.83569999899998
306.9393
307.04289999899999
307.1465
307.25009999899999
307.35390000000001
307.457699999
307.56130000000002
307.664899999
307.768599999
307.87220000000002
307.97599999900001
308.0797
308.18360000000001
308.28730000000002
308.39120000000003
308.495
308.59890000000001
308.70299999899999
308.806899999
308.91090000000003
309.014999999
309.11900000000003
309.223099999
309.3272
309.431199999
309.53519999899999
309.63900000000001
309.74290000000002
309.84660000000002
309.95049999899999
310.05430000000001
310.15789999899999
310.261599999
310.36500000000001
310.46850000000001
310.572
310.67540000000002
310.778799999
310.882299999
310.98579999899999
311.08929999899999
311.19279999899999
311.29640000000001
311.39999999899999
311.50360000000001
311.60719999899999
311.71089999899999
311.81439999899999
311.91800000000001
312.02159999899999
312.12529999899999
312.22879999899999
312.33240000000001
312.43599999899999
312.53960000000001
312.6431
312.74680000000001
312.85039999899999
312.95400000000001
313.0575
313.16109999899999
313.26459999899998
313.3682
313.47179999899998
313.57530000000003
313.67880000000002
313.78230000000002
313.885899999
313.98950000000002
314.09300000000002
314.19670000000002
314.30040000000002
314.40399999900001
314.50760000000002
314.61119999900001
314.71480000000003
314.81839999900001
314.9221
315.02569999899998
315.1293
315.233
315.33659999899999
315.44040000000001
315.54399999899999
315.647699999
315.751399999
315.855099999
315.95870000000002
316.06290000000001
316.16590000000002
316.269499999
316.372999999
316.476699999
316.58030000000002
316.68400000000003
316.78759999900001
316.89120000000003
316.99509999899999
317.0985
317.2022
317.30579999899999
317.409899999
317.51350000000002
317.61680000000001
317.72039999899999
317.82400000000001
317.927799999
318.03140000000002
318.134999999
318.238499999
318.34210000000002
318.44589999900001
318.54950000000002
318.65309999900001
318.75679999900001
318.86040000000003
318.96409999899998
319.0677
319.17140000000001
319.27499999899999
319.37880000000001
319.48239999899999
319.586099999
319.68970000000002
319.79340000000002
319.896999999
320.000499999
320.10410000000002
320.20760000000001
320.311199999
320.41469999899999
320.51819999899999
320.62180000000001
320.7253
320.8288
320.932099999
321.03550000000001
321.13889999899999
321.242099999
321.34530000000001
321.44859999900001
321.551899999
321.65519999899999
321.7586
321.861899999
321.96530000000001
322.06920000000002
322.17230000000001
322.27589999899999
322.37939999899999
322.48320000000001
322.58690000000001
322.69060000000002
322.79439999900001
322.89819999899998
323.002099999
323.10599999900001
323.20999999899999
323.31400000000002
323.41800000000001
323.521999999
323.62599999899999
323.729899999
323.83379999900001
323.93759999899999
324.041499999
324.145199999
324.24909999900001
324.35270000000003
324.45639999899998
324.56
324.66379999899999
324.767699999
324.87099999899999
324.97460000000001
325.078399999
325.18229999900001
325.285599999
325.389299999
325.49299999900001
325.59660000000002
325.7004
325.80389999900001
325.90769999899999
326.01139999899999
326.11500000000001
326.21859999899999
326.32240000000002
326.425999999
326.529699999
326.63339999900001
326.73700000000002
326.84059999900001
326.94420000000002
327.04779999900001
327.15140000000002
327.2552
327.35879999899998
327.4624
327.56599999899998
327.66980000000001
327.77339999899999
327.877099999
327.98070000000001
328.084299999
328.18810000000002
328.291699999
328.39530000000002
328.49900000000002
328.60250000000002
328.70620000000002
328.80979999900001
328.91349999900001
329.01710000000003
329.12069999900001
329.2244
329.32810000000001
329.43169999899999
329.53530000000001
329.639099999
329.74270000000001
329.846299999
329.94979999899999
330.053499999
330.15710000000001
330.26080000000002
330.364399999
330.46800000000002
330.571599999
330.67520000000002
330.77870000000001
330.882499999
330.985999999
331.08960000000002
331.193199999
331.29680000000002
331.400399999
331.50400000000002
331.60770000000002
331.71120000000002
331.81470000000002
331.91840000000002
332.02190000000002
332.125499999
332.22910000000002
332.33260000000001
332.436199999
332.54000000000002
332.643399999
332.74720000000002
332.85090000000002
332.95440000000002
333.05840000000001
333.16169999900001
333.26530000000002
333.36889999900001
333.47250000000003
333.57619999899998
333.6798
333.78339999899998
333.88709999899999
333.9907
334.09449999899999
334.19799999899999
334.30169999899999
334.40519999899999
334.50889999899999
334.61250000000001
334.71620000000001
334.819799999
334.92360000000002
335.027199999
335.13089999900001
335.2346
335.33819999899998
335.4418
335.5455
335.64909999899999
335.75259999899998
335.85640000000001
335.960199999
336.06360000000001
336.167399999
336.27100000000002
336.374599999
336.478299999
336.58190000000002
336.68569999900001
336.78930000000003
336.8931
336.9966
337.1003
337.20400000000001
337.30759999899999
337.41140000000001
337.514999999
337.618699999
337.72230000000002
337.82609999900001
337.92970000000003
338.03339999899998
338.137
338.24079999899999
338.34460000000001
338.44850000000002
338.55209999900001
338.65600000000001
338.75990000000002
338.8639
338.96780000000001
339.07170000000002
339.17559999899999
339.27960000000002
339.38339999900001
339.48709999900001
339.59089999899999
339.69470000000001
339.798499999
339.90210000000002
340.00599999899998
340.1096
340.2133
340.31700000000001
340.42059999899999
340.52420000000001
340.62779999899999
340.73140000000001
340.83550000000002
340.93869999899999
341.04219999899999
341.14580000000001
341.24939999899999
341.35300000000001
341.45650000000001
341.56
341.663299999
341.766799999
341.87020000000001
341.97359999899999
342.07690000000002
342.180299999
342.283799999
342.38709999899999
342.4907
342.5942
342.69779999899998
342.801199999
342.90489999900001
343.00830000000002
343.11200000000002
343.21550000000002
343.318899999
343.422599999
343.52620000000002
343.629799999
343.73340000000002
343.83710000000002
343.940699999
344.04439999900001
344.147899999
344.25150000000002
344.355099999
344.45870000000002
344.562299999
344.66590000000002
344.76960000000003
344.87319999900001
344.97680000000003
345.08039999900001
345.18400000000003
345.28759999900001
345.3913
345.495
345.59859999899999
345.7022
345.80599999899999
345.90960000000001
346.01319999899999
346.11680000000001
346.220599999
346.32420000000002
346.427799999
346.53140000000002
346.63510000000002
346.73880000000003
346.84239999900001
346.9461
347.04969999899998
347.15350000000001
347.25700000000001
347.36059999899999
347.46429999899999
347.56839999900001
347.671699999
347.77530000000002
347.87900000000002
347.982599999
348.086299999
348.18999999900001
348.29559999899999
348.39760000000001
348.50099999899999
348.60469999899999
348.70830000000001
348.81200000000001
348.91570000000002
349.01940000000002
349.12319999900001
349.22719999899999
349.33080000000001
349.43610000000001
349.538099999
349.64199999900001
349.74579999899998
349.84949999899999
349.95319999899999
350.05700000000002
350.16079999900001
350.26440000000002
350.36810000000003
350.47179999899998
350.57549999899999
350.67919999899999
350.78280000000001
350.88650000000001
350.990299999
351.093799999
351.19769999900001
351.301199999
351.404699999
351.50869999899999
351.61180000000002
351.71559999900001
351.818899999
351.92239999899999
352.02589999899999
352.12939999899999
352.23289999899998
352.33640000000003
352.43990000000002
352.543299999
352.646999999
352.75029999899999
352.85379999899999
352.9572
353.060499999
353.16390000000001
353.26740000000001
353.37079999899998
353.473999999
353.57740000000001
353.68060000000003
353.783999999
353.88720000000001
353.99059999899998
354.093999999
354.19720000000001
354.30059999899999
354.403799999
354.50720000000001
354.6105
354.713799999
354.8177
354.9205
355.023799999
355.127099999
355.230799999
355.334
355.43770000000001
355.54109999899998
355.64460000000003
355.74829999899998
355.851699999
355.95530000000002
356.058899999
356.16269999899998
356.2663
356.37009999899999
356.47390000000001
356.57780000000002
356.68169999899999
356.785599999
356.88959999899998
356.993699999
357.09769999899999
357.201599999
357.30560000000003
357.40960000000001
357.5138
357.61750000000001
357.72140000000002
357.82519999900001
357.92899999899998
358.03269999899999
358.13650000000001
358.24020000000002
358.343999999
358.44769999900001
358.55130000000003
358.65499999899998
358.7586
358.8623
358.96589999899999
359.06950000000001
359.17309999899999
359.27690000000001
359.38049999899999
359.484199999
359.587899999
359.691599999
359.79520000000002
359.898799999
360.00259999899998
360.1062
360.2099
360.31349999899999
360.41719999899999
360.52089999899999
360.62450000000001
360.72820000000002
360.831799999
360.935499999
361.039199999
361.14280000000002
361.24630000000002
361.35019999899998
361.45350000000002
361.55739999899998
361.66090000000003
361.76449999900001
361.8682
361.97190000000001
362.0754
362.17899999899998
362.2826
362.38619999899998
362.4898
362.59339999899998
362.69709999899999
362.80079999899999
362.90440000000001
363.00799999899999
363.11160000000001
363.215399999
363.31900000000002
363.422599999
363.526299999
363.62990000000002
363.73369999900001
363.8374
363.94119999899999
364.04480000000001
364.14850000000001
364.252299999
364.35590000000002
364.45960000000002
364.56319999900001
364.66689999900001
364.77050000000003
364.87419999899998
364.9778
365.08139999899998
365.18520000000001
365.28879999899999
365.39249999899999
365.496199999
365.599899999
365.70359999900001
365.80720000000002
365.911
366.01459999899998
366.1182
366.22179999899998
366.32560000000001
366.42930000000001
366.53300000000002
366.63670000000002
366.74049999900001
366.84410000000003
366.94799999899999
367.05180000000001
367.155599999
367.25920000000002
367.36309999899999
367.46690000000001
367.57060000000001
367.67430000000002
367.77809999900001
367.88170000000002
367.98529999900001
368.08890000000002
368.19249999900001
368.295999999
368.39960000000002
368.50310000000002
368.60660000000001
368.71010000000001
368.81349999899999
368.916699999
369.01999999899999
369.12319999900001
369.22629999899999
369.32949999900001
369.432799999
369.536
369.63940000000002
369.742799999
369.84609999899999
369.94959999899999
370.05309999899998
370.15660000000003
370.26029999899998
370.36380000000003
370.46739999900001
370.5711
370.67469999899998
370.7783
370.88189999899998
370.9855
371.08929999899999
371.19290000000001
371.29649999899999
371.40030000000002
371.50380000000001
371.607599999
371.71120000000002
371.81499999900001
371.91860000000003
372.02229999899998
372.12650000000002
372.22949999899998
372.33330000000001
372.43700000000001
372.54070000000002
372.64420000000001
372.747999999
372.85160000000002
372.955199999
373.05880000000002
373.16250000000002
373.26609999900001
373.36979999900001
373.47340000000003
373.57699999900001
373.68079999899999
373.78449999899999
373.88810000000001
373.99180000000001
374.09539999899999
374.199099999
374.30270000000002
374.406299999
374.509999999
374.61360000000002
374.717199999
374.82089999900001
374.92469999899998
375.02850000000001
375.13189999899998
375.23559999899999
375.33940000000001
375.44299999899999
375.54660000000001
375.65030000000002
375.75400000000002
375.85770000000002
375.961299999
376.06499999900001
376.16860000000003
376.27219999900001
376.37580000000003
376.47939999900001
376.58300000000003
376.68680000000001
376.79039999899999
376.89400000000001
376.99759999899999
377.10120000000001
377.20490000000001
377.30860000000001
377.41230000000002
377.515899999
377.61970000000002
377.72329999900001
377.82699999900001
377.93060000000003
378.03440000000001
378.13799999899999
378.24160000000001
378.34530000000001
378.44900000000001
378.55259999899999
378.65620000000001
378.759999999
378.863499999
378.96730000000002
379.0711
379.17469999899998
379.27820000000003
379.38200000000001
379.48570000000001
379.58920000000001
379.6927
379.79649999899999
379.89980000000003
380.00330000000002
380.10689999900001
380.21050000000002
380.313899999
380.41730000000001
380.52050000000003
380.62380000000002
380.72699999899999
380.83010000000002
380.93319999900001
381.036499999
381.139999999
381.24299999900001
381.34640000000002
381.44970000000001
381.5532
381.65640000000002
381.75990000000002
381.86329999899999
381.96679999899999
382.07029999899999
382.1739
382.27749999899999
382.38119999899999
382.485099999
382.58909999899998
382.69310000000002
382.79730000000001
382.90140000000002
383.00560000000002
383.10989999899999
383.21409999899998
383.31839999900001
383.422599999
383.52670000000001
383.63080000000002
383.73469999899999
383.838799999
383.94260000000003
384.04660000000001
384.150399999
384.25439999899999
384.35809999899999
384.46190000000001
384.565699999
384.66939999900001
384.77319999899998
384.87689999899999
384.98050000000001
385.08409999899999
385.18779999899999
385.291499999
385.39510000000001
385.498699999
385.602399999
385.70600000000002
385.80970000000002
385.91340000000002
386.01699999900001
386.12069999900001
386.22430000000003
386.32789999900001
386.43150000000003
386.53509999900001
386.63869999899998
386.7423
386.84589999899998
386.94959999899999
387.0532
387.15690000000001
387.26049999899999
387.36410000000001
387.46780000000001
387.57139999899999
387.675099999
387.77870000000001
387.882499999
387.98610000000002
388.089699999
388.19339999900001
388.2971
388.4008
388.50439999899999
388.608
388.71179999899999
388.81540000000001
388.91910000000001
389.022699999
389.126399999
389.230099999
389.33370000000002
389.437299999
389.54109999899998
389.6447
389.7484
389.85199999899999
389.95549999899998
390.0591
390.16269999899998
390.26609999900001
390.36970000000002
390.47320000000002
390.57690000000002
390.68049999900001
390.78419999900001
390.8879
390.99160000000001
391.09550000000002
391.19920000000002
391.30270000000002
391.40640000000002
391.51010000000002
391.61410000000001
391.71749999899998
391.82139999899999
391.92500000000001
392.02870000000001
392.132499999
392.23610000000002
392.34010000000001
392.44330000000002
392.5471
392.65069999899998
392.75439999899999
392.85809999899999
392.96190000000001
393.065499999
393.16930000000002
393.272899999
393.37650000000002
393.480099999
393.583599999
393.68720000000002
393.790799999
393.89440000000002
393.99790000000002
394.101499999
394.20499999899999
394.30849999899999
394.41210000000001
394.51560000000001
394.61919999899999
394.72280000000001
394.82650000000001
394.93020000000001
395.03390000000002
395.137499999
395.24110000000002
395.34480000000002
395.448399999
395.55200000000002
395.65579999900001
395.76010000000002
395.86309999899999
395.96679999899999
396.07040000000001
396.17410000000001
396.27769999899999
396.38119999899999
396.48489999899999
396.588599999
396.69220000000001
396.79590000000002
396.899499999
397.00330000000002
397.10700000000003
397.21050000000002
397.3143
397.41789999899999
397.5215
397.62520000000001
397.72879999899999
397.83249999899999
397.93610000000001
398.03980000000001
398.143399999
398.24720000000002
398.350799999
398.45440000000002
398.55810000000002
398.66160000000002
398.765199999
398.86889999900001
398.97259999900001
399.07609999900001
399.1798
399.28339999899998
399.38709999899999
399.4907
399.59440000000001
399.69799999899999
399.80160000000001
399.905399999
400.00900000000001
400.112599999
400.21620000000001
400.319799999
400.423499999
400.527199999
400.63080000000002
400.734399999
400.83800000000002
400.94170000000003
401.04529999900001
401.149
401.2527
401.35640000000001
401.46010000000001
401.56369999899999
401.667399999
401.771099999
401.87470000000002
401.97840000000002
402.08210000000003
402.18579999899998
402.2894
402.39299999899998
402.4966
402.6003
402.70389999899999
402.8075
402.91109999899999
403.01479999899999
403.11840000000001
403.222199999
403.325899999
403.42950000000002
403.53329999900001
403.637
403.74090000000001
403.84460000000001
403.948199999
404.05200000000002
404.15570000000002
404.25940000000003
404.36299999900001
404.46660000000003
404.57019999900001
404.67369999900001
404.77730000000003
404.88080000000002
404.984399999
405.08800000000002
405.19150000000002
405.295099999
405.398799999
405.50220000000002
405.605799999
405.709299999
405.81279999899999
405.91640000000001
406.02010000000001
406.123699999
406.227399999
406.33100000000002
406.43479999900001
406.53840000000002
406.6422
406.74599999899999
406.84969999899999
406.95350000000002
407.05729999900001
407.16109999899999
407.2647
407.36849999899999
407.472199999
407.57580000000002
407.67950000000002
407.78320000000002
407.887
407.99049999900001
408.0942
408.1979
408.30149999899999
408.40519999899999
408.50880000000001
408.6123
408.71600000000001
408.81950000000001
408.923
409.02670000000001
409.13010000000003
409.233499999
409.336999999
409.44040000000001
409.5437
409.64719999900001
409.75060000000002
409.85410000000002
409.95729999899999
410.06079999899998
410.16410000000002
410.26749999899999
410.37090000000001
410.47430000000003
410.57760000000002
410.68110000000001
410.78449999899999
410.88799999899999
410.99149999899998
411.09500000000003
411.19850000000002
411.301899999
411.405599999
411.509099999
411.61270000000002
411.71640000000002
411.819999999
411.92380000000003
412.02760000000001
412.13150000000002
412.23520000000002
412.33909999899998
412.44279999899999
412.546699999
412.650399999
412.75420000000003
412.858
412.96179999899999
413.065499999
413.16930000000002
413.27309999900001
413.37700000000001
413.48090000000002
413.58469999900001
413.68860000000001
413.792399999
413.896099999
413.99970000000002
414.10340000000002
414.20710000000003
414.31069999900001
414.41430000000003
414.51780000000002
414.621399999
414.72500000000002
414.82859999900001
414.932099999
415.03570000000002
415.13940000000002
415.24299999900001
415.34660000000002
415.45019999900001
415.55380000000002
415.65739999900001
415.76119999899998
415.8648
415.96839999899998
416.072
416.17559999899999
416.2792
416.38290000000001
416.48649999899999
416.58999999899999
416.6936
416.79719999899999
416.9008
417.00450000000001
417.10809999899999
417.21170000000001
417.31529999899999
417.41890000000001
417.52249999899999
417.62610000000001
417.72980000000001
417.83330000000001
417.937099999
418.04070000000002
418.144299999
418.24790000000002
418.351499999
418.455199999
418.55880000000002
418.662399999
418.76600000000002
418.869599999
418.97320000000002
419.07690000000002
419.18049999900001
419.28410000000002
419.38769999900001
419.49130000000002
419.59489999900001
419.69859999900001
419.80200000000002
419.90570000000002
420.00929999900001
420.11290000000002
420.21649999900001
420.32010000000002
420.42369999900001
420.5274
420.63099999899998
420.73450000000003
420.83809999900001
420.94170000000003
421.04520000000002
421.148799999
421.25240000000002
421.35599999900001
421.45969999900001
421.56319999900001
421.666699999
421.77039999900001
421.87409999900001
421.97770000000003
422.08139999899998
422.18490000000003
422.28859999899998
422.3922
422.49579999899998
422.60009999900001
422.70310000000001
422.8066
422.91030000000001
423.01389999899999
423.11750000000001
423.22109999899999
423.32470000000001
423.42829999899999
423.53210000000001
423.635699999
423.73930000000001
423.842899999
423.94650000000001
424.05020000000002
424.153799999
424.25740000000002
424.36119999900001
424.464699999
424.568199999
424.671899999
424.77550000000002
424.879099999
424.98279999900001
425.086299999
425.18990000000002
425.29349999900001
425.39719999900001
425.5009
425.60449999899998
425.7081
425.81169999899998
425.91539999899999
426.01900000000001
426.12259999899999
426.22620000000001
426.3297
426.43329999899998
426.5369
426.64039999900001
426.74400000000003
426.84759999900001
426.95139999899999
427.05500000000001
427.15859999899999
427.26220000000001
427.36590000000001
427.46949999899999
427.57310000000001
427.676899999
427.780399999
427.88400000000001
427.98770000000002
428.09140000000002
428.194999999
428.29860000000002
428.40230000000003
428.50589999900001
428.60950000000003
428.71309999900001
428.81670000000003
428.92020000000002
429.023799999
429.12740000000002
429.23110000000003
429.33469999900001
429.43830000000003
429.54189999900001
429.64539999900001
429.74900000000002
429.85259999900001
429.95629999900001
430.05990000000003
430.16349999900001
430.26710000000003
430.37069999900001
430.4744
430.57810000000001
430.68169999899999
430.78539999899999
430.88900000000001
430.992799999
431.09640000000002
431.199999999
431.303699999
431.40739999900001
431.51100000000002
431.61459999900001
431.71820000000002
431.82179999900001
431.92540000000002
432.02899999900001
432.13269999900001
432.23630000000003
432.3399
432.44349999899998
432.54700000000003
432.65059999900001
432.75420000000003
432.85770000000002
432.961299999
433.06499999900001
433.16860000000003
433.27219999900001
433.37580000000003
433.47939999900001
433.58300000000003
433.68659999900001
433.79039999899999
433.89400000000001
433.99759999899999
434.10120000000001
434.20479999899999
434.30860000000001
434.41219999899999
434.51580000000001
434.61950000000002
434.72320000000002
434.82690000000002
434.93049999900001
435.03419999900001
435.13780000000003
435.24149999899998
435.3451
435.44880000000001
435.55250000000001
435.65609999899999
435.75970000000001
435.86340000000001
435.96710000000002
436.070699999
436.17430000000002
436.27780000000001
436.381399999
436.48500000000001
436.588599999
436.69240000000002
436.795999999
436.89960000000002
437.003199999
437.10700000000003
437.21059999900001
437.31420000000003
437.41789999899999
437.5215
437.62529999899999
437.72890000000001
437.83260000000001
437.936199999
438.04000000000002
438.143599999
438.24720000000002
438.35070000000002
438.454299999
438.557999999
438.66160000000002
438.765199999
438.86880000000002
438.972399999
439.07600000000002
439.17970000000003
439.28339999899998
439.387
439.4907
439.59429999899999
439.69799999899999
439.80160000000001
439.90530000000001
440.00889999899999
440.112599999
440.21620000000001
440.319799999
440.42340000000002
440.526999999
440.630699999
440.734199999
440.837899999
440.94150000000002
441.045099999
441.14870000000002
441.25220000000002
441.355799999
441.45940000000002
441.562999999
441.666699999
441.77030000000002
441.873899999
441.97750000000002
442.081099999
442.18470000000002
442.288299999
442.39199999900001
442.49579999899998
442.59919999900001
442.702699999
442.80630000000002
442.909899999
443.01350000000002
443.117099999
443.22079999900001
443.32440000000003
443.42799999900001
443.53160000000003
443.63529999899998
443.73899999899999
443.8426
443.94619999899999
444.04989999899999
444.15339999899999
444.25700000000001
444.36079999899999
444.46440000000001
444.56799999899999
444.67160000000001
444.775399999
444.87900000000002
444.982599999
445.08620000000002
445.189799999
445.29360000000003
445.39719999900001
445.50080000000003
445.60439999900001
445.70800000000003
445.81169999899998
445.91539999899999
446.01889999899998
446.12259999899999
446.22629999899999
446.3297
446.43349999899999
446.53710000000001
446.64069999899999
446.74430000000001
446.84789999899999
446.95150000000001
447.055299999
447.15890000000002
447.262499999
447.36610000000002
447.46989999900001
447.57350000000002
447.67709999900001
447.78070000000002
447.88429999900001
447.98790000000002
448.0917
448.19529999899999
448.2989
448.40249999899999
448.50619999899999
448.60980000000001
448.71339999899999
448.81700000000001
448.92059999899999
449.02429999899999
449.12779999899999
449.23160000000001
449.335199999
449.43880000000001
449.542399999
449.64600000000002
449.749799999
449.85340000000002
449.956999999
450.06060000000002
450.1644
450.26799999899998
450.3716
450.47519999899998
450.5788
450.68259999899999
450.78620000000001
450.88990000000001
450.99349999899999
451.097199999
451.20080000000002
451.304399999
451.408099999
451.511599999
451.61520000000002
451.718799999
451.82269999900001
451.925999999
452.02960000000002
452.13310000000001
452.23660000000001
452.34019999899999
452.44369999899999
452.54719999899999
452.65069999899998
452.75420000000003
452.85779999900001
452.961299999
453.06490000000002
453.16840000000002
453.271999999
453.375499999
453.479199999
453.58280000000002
453.68650000000002
453.7903
453.89420000000001
453.99779999899999
454.10160000000002
454.20510000000002
454.308899999
454.41259999900001
454.5163
454.62020000000001
454.72410000000002
454.82789999900001
454.931899999
455.03620000000001
455.13990000000001
455.24380000000002
455.34759999900001
455.45150000000001
455.555299999
455.658999999
455.76269999900001
455.86649999899998
455.97030000000001
456.07380000000001
456.17739999899999
456.28109999899999
456.38470000000001
456.48820000000001
456.59179999899999
456.69540000000001
456.79899999899999
456.90280000000001
457.00619999899999
457.11000000000001
457.213599999
457.31720000000001
457.420799999
457.52440000000001
457.628199999
457.73180000000002
457.835399999
457.93900000000002
458.04250000000002
458.146099999
458.249599999
458.35309999899999
458.45659999899999
458.56009999899999
458.66359999899998
458.76710000000003
458.87069999900001
458.97419999900001
459.077699999
459.18130000000002
459.28480000000002
459.38830000000002
459.49180000000001
459.59539999899999
459.69889999899999
459.80239999899999
459.90600000000001
460.00959999899999
460.11309999899999
460.21649999900001
460.32010000000002
460.42369999900001
460.52730000000003
460.63089999900001
460.73450000000003
460.83809999900001
460.94170000000003
461.04520000000002
461.14890000000003
461.25249999900001
461.35610000000003
461.4599
461.56349999899999
461.66730000000001
461.771099999
461.87490000000003
461.97849999900001
462.08240000000001
462.18610000000001
462.289899999
462.39370000000002
462.4975
462.60120000000001
462.70499999899999
462.80860000000001
462.91230000000002
463.015899999
463.11970000000002
463.22329999900001
463.32699999900001
463.4307
463.53419999900001
463.63780000000003
463.74139999900001
463.8451
463.94869999899998
464.0523
464.15600000000001
464.25970000000001
464.36329999899999
464.46710000000002
464.570699999
464.67430000000002
464.77800000000002
464.881599999
464.98529999900001
465.08890000000002
465.19260000000003
465.29619999900001
465.3999
465.50369999899999
465.60719999899999
465.71080000000001
465.81439999899999
465.91800000000001
466.02170000000001
466.12529999899999
466.228999999
466.33260000000001
466.43610000000001
466.53969999899999
466.643399999
466.74700000000001
466.850599999
466.95420000000001
467.057799999
467.16140000000001
467.264999999
467.368699999
467.47230000000002
467.57600000000002
467.679599999
467.78320000000002
467.887
467.99059999899998
468.0942
468.19799999899999
468.30160000000001
468.40519999899999
468.50880000000001
468.61239999899999
468.71589999899999
468.81959999899999
468.92320000000001
469.02679999899999
469.13040000000001
469.23410000000001
469.33769999899999
469.44150000000002
469.545099999
469.648799999
469.75249999900001
469.8562
469.95979999899998
470.0634
470.16699999899998
470.2706
470.37430000000001
470.47789999899999
470.58159999899999
