0.10373590000000001
0.20733810000000003
0.3110752
0.41469170000000005
0.51843019899999998
0.62204480000000006
0.72579769999999999
0.8294199000000001
0.93314670000000011
1.03691
1.1404970000000001
1.2442420000000001
1.347979
1.4515960000000001
1.555212
1.65896
1.7625690000000001
1.866301999
1.9699230000000001
2.0736659990000001
2.1772809990000002
2.2810169990000002
2.3846389989999999
2.4882499990000002
2.5919880000000002
2.6958319990000001
2.7993670000000002
2.9030840000000002
3.0067680000000001
3.1104409990000002
3.2140569989999999
3.317669
3.4212850000000001
3.5249250000000001
3.6285449989999998
3.732256
3.835871
3.9394879989999998
4.043107
4.1468879989999996
4.2504600000000003
4.3542019989999998
4.4579399989999997
4.5615589989999998
4.6652930000000001
4.7689120000000003
4.8725319989999996
4.976146
5.0799089989999997
5.1835029989999999
5.2871170000000003
5.3908610000000001
5.4944730000000002
5.5982329990000004
5.701829
5.8055709990000004
5.9091849989999998
6.0129210000000004
6.1165409989999997
6.2202780000000004
6.3238950000000003
6.4276590000000002
6.5313829989999999
6.6349919990000004
6.7387410000000001
6.8423499989999996
6.9459629989999998
7.0497050000000003
7.1533230000000003
7.2569340000000002
7.3605489989999997
7.4641669989999997
7.5677859989999998
7.6713959989999996
7.7751440000000001
7.8787539989999997
7.9824929989999998
8.0861110000000007
8.1898490000000006
8.2934699989999991
8.3971020000000003
8.5008470000000003
8.604438
8.7081750000000007
8.811795
8.9154029989999994
9.0191619989999996
9.1228899989999999
9.2265119989999995
9.3302469989999999
9.4339860000000009
9.5377489989999997
9.6415869989999994
9.7453420000000008
9.8492289989999993
9.9530589989999996
10.056929998999999
10.160830000000001
10.264659998999999
10.368669999
10.47264
10.576629999
10.680619998999999
10.784610000000001
10.888749999
10.99272
11.096590000000001
11.200570000000001
11.304309999000001
11.408179999
11.511919999
11.615529999
11.719269999
11.82277
11.92638
12.029999998999999
12.133609999000001
12.237099999
12.3406
12.44411
12.54767
12.651070000000001
12.75469
12.85806
12.961669999
13.065200000000001
13.16877
13.272349998999999
13.37588
13.479499999
13.583109998999999
13.686719998999999
13.79034
13.89395
13.997669998999999
14.1013
14.204919998999999
14.308540000000001
14.412269998999999
14.515890000000001
14.619680000000001
14.723259999
14.826859999
14.930479998999999
15.0341
15.137840000000001
15.24145
15.345079998999999
15.448809999
15.55255
15.656169998999999
15.7599
15.86364
15.96739
16.071020000000001
16.174739999
16.278449998999999
16.382090000000002
16.485710000000001
16.58933
16.693090000000002
16.796679998999998
16.90043
17.004190000000001
17.107900000000001
17.211649998999999
17.315390000000001
17.419149998999998
17.522870000000001
17.626480000000001
17.730219998999999
17.833839998999998
17.937460000000002
18.041199999
18.144819998999999
18.248550000000002
18.352170000000001
18.455929998999999
18.559570000000001
18.663260000000001
18.76688
18.87049
18.974109999
19.077719998999999
19.181409999
19.285019998999999
19.388680000000001
19.492239998999999
19.595800000000001
19.69941
19.802910000000001
19.90652
20.010020000000001
20.113499998999998
20.217140000000001
20.320609998999998
20.424099998999999
20.527470000000001
20.630960000000002
20.734439998999999
20.837959998999999
20.941510000000001
